8000,2009-8-31,380,371,380,371,2000
8001,2009-8-31,667,656,676,649,12954000
8002,2009-8-31,471,462,478,456,16215000
8005,2009-8-31,401,398,407,398,36700
8006,2009-8-31,235,240,240,235,20000
8007,2009-8-31,152,158,165,149,1726000
8008,2009-8-31,1038,1036,1060,1010,16500
8011,2009-8-31,320,313,321,310,501000
8012,2009-8-31,1138,1110,1172,1107,482000
8013,2009-8-31,53,53,54,53,146000
8014,2009-8-31,107,105,108,104,1077000
8015,2009-8-31,1555,1516,1585,1506,1705400
8016,2009-8-31,701,678,707,674,1235000
8018,2009-8-31,235,237,240,233,46300
8020,2009-8-31,94,91,95,89,4108000
8022,2009-8-31,425,421,425,417,202000
8025,2009-8-31,101,99,102,98,184000
8028,2009-8-31,2875,2865,2905,2845,1320500
8029,2009-8-31,102,102,103,100,196000
8030,2009-8-31,179,182,182,179,9000
8031,2009-8-31,1243,1206,1255,1190,22029200
8032,2009-8-31,344,347,355,344,134000
8035,2009-8-31,5180,5120,5230,5020,2589500
8036,2009-8-31,1860,1871,1921,1836,555600
8037,2009-8-31,568,572,578,564,17000
8038,2009-8-31,176,180,183,173,581000
8039,2009-8-31,144,146,147,144,16000
8041,2009-8-31,183,181,183,179,83000
8042,2009-8-31,111,111,113,108,143000
8043,2009-8-31,228,226,230,225,58000
8044,2009-8-31,124,125,125,121,205000
8045,2009-8-31,415,415,415,415,1000
8046,2009-8-31,168,168,168,168,8000
8050,2009-8-31,261,254,263,250,306000
8051,2009-8-31,377,372,389,367,402700
8052,2009-8-31,225,224,225,223,34000
8053,2009-8-31,968,944,983,934,8976900
8056,2009-8-31,820,794,833,788,933100
8057,2009-8-31,321,347,349,312,1112000
8058,2009-8-31,1904,1876,1935,1851,16330000
8059,2009-8-31,303,298,307,297,136000
8060,2009-8-31,1527,1568,1571,1520,723000
8061,2009-8-31,240,243,244,239,241000
8065,2009-8-31,522,538,540,522,19400
8066,2009-8-31,709,678,709,665,1900
8068,2009-8-31,824,825,837,811,136700
8070,2009-8-31,319,308,319,306,54000
8071,2009-8-31,330,320,330,315,9000
8072,2009-8-31,213,210,213,210,7000
8073,2009-8-31,211,206,212,202,21200
8074,2009-8-31,103,103,104,100,592000
8075,2009-8-31,182,179,183,177,619000
8077,2009-8-31,195,193,198,188,2700
8078,2009-8-31,374,365,379,361,1306000
8079,2009-8-31,450,460,460,440,5000
8080,2009-8-31,480,478,480,478,900
8081,2009-8-31,559,564,564,555,17000
8084,2009-8-31,604,604,613,596,106000
8085,2009-8-31,140,123,145,121,737000
8086,2009-8-31,1979,2000,2015,1966,316800
8087,2009-8-31,709,708,723,701,13000
8088,2009-8-31,282,276,285,272,761000
8089,2009-8-31,228,219,230,216,169000
8090,2009-8-31,112,113,115,112,121000
8091,2009-8-31,181,171,181,170,191000
8093,2009-8-31,146,143,146,141,66000
8095,2009-8-31,326,315,327,310,979000
8096,2009-8-31,874,863,884,863,115200
8097,2009-8-31,462,459,470,455,182000
8098,2009-8-31,453,450,463,439,98200
8101,2009-8-31,117,115,117,111,674000
8103,2009-8-31,191,185,192,183,79000
8105,2009-8-31,57,54,58,53,193000
8107,2009-8-31,6,6,6,5,4599000
8108,2009-8-31,890,890,890,880,3500
8111,2009-8-31,225,227,229,220,244000
8112,2009-8-31,790,777,800,770,348000
8113,2009-8-31,8400,8370,8530,8280,541800
8114,2009-8-31,429,437,443,429,21000
8115,2009-8-31,153,152,156,152,92000
8117,2009-8-31,355,361,361,355,32000
8118,2009-8-31,260,257,260,253,6100
8119,2009-8-31,260,260,260,260,4000
8120,2009-8-31,500,530,530,500,7000
8123,2009-8-31,115,115,115,115,2000
8125,2009-8-31,485,485,493,485,5000
8127,2009-8-31,418,415,421,413,23400
8128,2009-8-31,82,81,102,75,953000
8129,2009-8-31,1396,1364,1413,1346,208800
8130,2009-8-31,2115,2100,2145,2075,54000
8131,2009-8-31,649,652,685,642,65300
8132,2009-8-31,485,482,488,475,100000
8133,2009-8-31,575,575,582,566,222600
8134,2009-8-31,495,499,501,490,69000
8135,2009-8-31,178,178,178,178,2000
8136,2009-8-31,823,825,834,817,214700
8137,2009-8-31,476,466,486,455,4700
8138,2009-8-31,223,230,230,223,3000
8139,2009-8-31,230,235,247,230,10000
8140,2009-8-31,2370,2400,2430,2355,60500
8141,2009-8-31,832,836,857,829,65100
8142,2009-8-31,335,334,336,330,30000
8143,2009-8-31,103,107,108,98,243000
8144,2009-8-31,518,518,518,518,1000
8147,2009-8-31,420,439,439,420,300
8148,2009-8-31,396,396,396,396,2000
8150,2009-8-31,800,791,816,765,86100
8151,2009-8-31,951,962,968,951,128200
8152,2009-8-31,245,245,245,245,3000
8153,2009-8-31,1588,1586,1593,1577,43700
8154,2009-8-31,1130,1113,1150,1110,88400
8155,2009-8-31,1307,1324,1335,1261,326500
8157,2009-8-31,372,373,375,372,55000
8158,2009-8-31,308,310,310,305,12000
8159,2009-8-31,787,756,807,752,37400
8160,2009-8-31,2060,2045,2080,2015,21400
8163,2009-8-31,620,625,648,620,12000
8165,2009-8-31,645,650,655,642,72100
8166,2009-8-31,155,152,155,151,14000
8167,2009-8-31,913,923,928,913,2200
8168,2009-8-31,471,466,473,465,83000
8170,2009-8-31,1251,1263,1270,1251,64500
8171,2009-8-31,940,909,940,906,3400
8173,2009-8-31,743,740,750,736,149000
8174,2009-8-31,1424,1523,1544,1424,106400
8175,2009-8-31,481,473,488,473,136500
8178,2009-8-31,474,469,477,468,132000
8179,2009-8-31,1023,1031,1034,1021,56700
8181,2009-8-31,189,182,190,177,103000
8182,2009-8-31,932,931,939,931,35000
8184,2009-8-31,2170,2185,2240,2165,487800
8185,2009-8-31,1298,1295,1314,1285,84300
8186,2009-8-31,931,929,932,925,44500
8187,2009-8-31,56400,55900,56400,55900,14
8193,2009-8-31,214,212,216,207,49000
8194,2009-8-31,1566,1564,1584,1560,13500
8196,2009-8-31,448,441,452,440,149400
8198,2009-8-31,1242,1255,1260,1240,10800
8200,2009-8-31,1214,1219,1228,1211,35100
8201,2009-8-31,174,166,174,164,194000
8202,2009-8-31,131,125,132,116,6890000
8203,2009-8-31,501,498,504,496,31700
8206,2009-8-31,8,8,8,7,1152000
8207,2009-8-31,339,340,344,336,10300
8208,2009-8-31,449,449,449,449,1000
8209,2009-8-31,327,334,334,327,5000
8214,2009-8-31,1038,1053,1072,1033,68200
8215,2009-8-31,73,73,75,73,6000
8216,2009-8-31,421,408,421,408,51000
8217,2009-8-31,1148,1142,1148,1130,41000
8218,2009-8-31,2455,2465,2490,2450,192500
8219,2009-8-31,1703,1695,1727,1670,357600
8225,2009-8-31,136,139,139,136,3000
8226,2009-8-31,106,155,155,104,1702000
8227,2009-8-31,8430,8330,8480,8270,138700
8229,2009-8-31,582,575,590,570,15500
8230,2009-8-31,305,302,305,302,9100
8233,2009-8-31,788,808,811,768,4714000
8236,2009-8-31,100,111,112,99,2584000
8237,2009-8-31,911,911,929,889,161800
8242,2009-8-31,594,595,600,573,1768000
8244,2009-8-31,165,162,165,162,38000
8245,2009-8-31,171,171,174,168,23000
8247,2009-8-31,108,109,110,108,13000
8248,2009-8-31,310,314,319,305,386800
8249,2009-8-31,720,725,728,720,2300
8251,2009-8-31,915,902,944,893,279000
8252,2009-8-31,647,648,666,641,3218100
8253,2009-8-31,1264,1267,1302,1240,2874600
8254,2009-8-31,84,84,88,83,192000
8255,2009-8-31,1042,1052,1064,1040,18300
8257,2009-8-31,1790,1790,1790,1790,100
8258,2009-8-31,175,173,178,170,1676700
8260,2009-8-31,52,51,53,51,329000
8263,2009-8-31,410,430,432,407,1729300
8266,2009-8-31,567,573,575,567,186000
8267,2009-8-31,986,973,1004,966,5329100
8270,2009-8-31,790,792,812,780,1249900
8273,2009-8-31,1363,1357,1389,1352,218100
8274,2009-8-31,304,302,307,301,41000
8275,2009-8-31,235,234,239,225,11200
8276,2009-8-31,1369,1349,1393,1341,115300
8278,2009-8-31,1786,1790,1829,1784,36400
8279,2009-8-31,3000,3020,3050,2985,15800
8281,2009-8-31,2005,2025,2035,1981,227300
8282,2009-8-31,2860,2835,2910,2815,350700
8285,2009-8-31,160,160,160,160,1000
8287,2009-8-31,1375,1378,1385,1365,3800
8289,2009-8-31,622,615,628,610,43500
8291,2009-8-31,120,120,128,116,1077000
8293,2009-8-31,768,764,768,764,4000
8301,2009-8-31,72000,70100,72000,70100,200
8303,2009-8-31,164,156,166,155,15454000
8304,2009-8-31,142,135,144,135,9504000
8306,2009-8-31,598,595,606,590,89781900
8308,2009-8-31,1281,1273,1292,1263,4412900
8309,2009-8-31,394,389,402,381,16354000
8316,2009-8-31,4070,4010,4130,3990,12684400
8324,2009-8-31,385,386,392,382,597000
8325,2009-8-31,188,192,192,188,183000
8327,2009-8-31,248,247,253,243,1536000
8328,2009-8-31,336,337,349,331,2272400
8331,2009-8-31,589,586,594,581,3745000
8332,2009-8-31,528,521,543,520,7193000
8333,2009-8-31,477,480,488,473,2021000
8334,2009-8-31,531,528,539,524,1318000
8336,2009-8-31,3320,3320,3380,3290,89100
8337,2009-8-31,807,809,814,793,77400
8338,2009-8-31,321,327,327,317,205800
8339,2009-8-31,1701,1675,1728,1654,261200
8341,2009-8-31,561,560,575,555,914000
8342,2009-8-31,380,386,386,376,282000
8343,2009-8-31,374,378,380,373,244000
8344,2009-8-31,526,529,533,520,474000
8345,2009-8-31,5450,5450,5540,5400,19100
8346,2009-8-31,425,428,431,423,277000
8349,2009-8-31,153,153,156,151,112000
8350,2009-8-31,206,209,209,203,133000
8354,2009-8-31,416,413,428,410,3999000
8355,2009-8-31,964,968,994,959,2379000
8356,2009-8-31,346,350,357,343,733000
8358,2009-8-31,909,912,929,903,1248000
8359,2009-8-31,536,535,544,529,1504000
8360,2009-8-31,503,504,510,500,226000
8361,2009-8-31,375,374,378,368,1830000
8362,2009-8-31,307,314,314,307,283000
8363,2009-8-31,355,361,364,351,464000
8364,2009-8-31,3670,3740,3760,3670,9700
8366,2009-8-31,595,594,605,587,491000
8367,2009-8-31,539,549,558,539,424000
8368,2009-8-31,482,488,495,480,663000
8369,2009-8-31,901,900,916,891,1354000
8374,2009-8-31,340,337,341,331,124000
8377,2009-8-31,235,233,242,230,4414000
8379,2009-8-31,398,397,406,394,1418000
8381,2009-8-31,860,863,873,851,480000
8382,2009-8-31,1257,1249,1267,1242,471000
8383,2009-8-31,259,262,263,258,84000
8385,2009-8-31,921,914,929,907,841000
8386,2009-8-31,455,460,464,450,507000
8387,2009-8-31,349,350,352,344,119000
8388,2009-8-31,554,557,560,551,445000
8390,2009-8-31,749,752,764,745,415000
8392,2009-8-31,415,399,418,398,2295000
8393,2009-8-31,385,391,394,385,170000
8394,2009-8-31,597,601,610,596,378000
8395,2009-8-31,318,319,325,315,294000
8396,2009-8-31,300,303,308,299,127000
8397,2009-8-31,3670,3670,3730,3660,14100
8398,2009-8-31,405,410,410,401,19000
8399,2009-8-31,1281,1291,1299,1273,149900
8403,2009-8-31,578,564,587,557,16422000
8404,2009-8-31,121,118,123,118,12479000
8409,2009-8-31,2775,2770,2785,2720,16500
8410,2009-8-31,236300,237200,239400,235200,5723
8411,2009-8-31,231,225,235,225,334375200
8415,2009-8-31,118,120,121,118,825000
8416,2009-8-31,82,82,82,81,78000
8418,2009-8-31,1100,1065,1108,1053,907000
8423,2009-8-31,11650,11510,11950,11510,1147
8424,2009-8-31,2105,2085,2150,2055,84900
8425,2009-8-31,1383,1391,1404,1333,200200
8426,2009-8-31,2720,2770,2790,2700,1202
8439,2009-8-31,1074,1066,1113,1061,412900
8462,2009-8-31,14800,16000,16000,14500,93
8473,2009-8-31,21380,21140,21990,20690,254971
8489,2009-8-31,115,113,115,110,20700
8508,2009-8-31,236,235,241,230,54400
8511,2009-8-31,783,756,787,747,751300
8512,2009-8-31,222,218,224,217,37000
8514,2009-8-31,58,53,58,52,46000
8515,2009-8-31,283,281,293,274,27348750
8518,2009-8-31,71,69,72,68,1080000
8519,2009-8-31,261,261,266,254,91400
8520,2009-8-31,84,85,85,83,43900
8521,2009-8-31,212,210,213,207,153000
8522,2009-8-31,418,425,427,417,570000
8527,2009-8-31,8560,8620,8630,8410,16000
8528,2009-8-31,42,42,43,41,104000
8529,2009-8-31,234,234,239,233,113000
8530,2009-8-31,292,294,294,291,102000
8536,2009-8-31,215,215,217,214,98000
8537,2009-8-31,275,283,283,275,40000
8540,2009-8-31,350,350,350,350,3000
8541,2009-8-31,266,268,271,265,177000
8542,2009-8-31,226,224,228,223,51000
8543,2009-8-31,136,135,139,134,179000
8544,2009-8-31,506,508,518,501,435000
8545,2009-8-31,152,154,154,151,269000
8550,2009-8-31,492,497,503,490,293000
8551,2009-8-31,2800,2925,2950,2800,51800
8552,2009-8-31,94,95,95,93,98000
8554,2009-8-31,285,289,289,280,8000
8556,2009-8-31,397,403,403,393,201000
8558,2009-8-31,66,64,67,64,1039000
8559,2009-8-31,112,116,116,112,12000
8561,2009-8-31,494,490,498,485,89000
8562,2009-8-31,64,64,65,63,738000
8563,2009-8-31,90,90,91,88,501000
8564,2009-8-31,486,483,494,474,3261480
8566,2009-8-31,2060,2050,2075,2015,146700
8570,2009-8-31,1074,1059,1095,1043,759600
8571,2009-8-31,43,42,44,42,454700
8572,2009-8-31,1950,1946,1996,1895,615800
8574,2009-8-31,935,902,945,894,2155350
8577,2009-8-31,28,27,29,27,1128400
8584,2009-8-31,241,241,246,235,513000
8585,2009-8-31,104,101,106,100,2730500
8586,2009-8-31,1374,1333,1390,1318,582300
8589,2009-8-31,91,91,92,88,641500
8591,2009-8-31,7240,7120,7450,6980,6970000
8593,2009-8-31,3030,2990,3050,2935,423760
8595,2009-8-31,3270,3150,3320,3090,570300
8601,2009-8-31,572,567,579,561,28452000
8604,2009-8-31,842,820,850,812,54306100
8606,2009-8-31,363,361,368,346,8615000
8607,2009-8-31,110,109,112,108,1252000
8609,2009-8-31,464,470,472,458,535000
8613,2009-8-31,646,639,653,631,146200
8614,2009-8-31,228,225,233,220,527000
8616,2009-8-31,338,339,346,330,1086000
8617,2009-8-31,111,111,114,111,76000
8622,2009-8-31,260,257,266,254,256000
8624,2009-8-31,663,662,673,648,169700
8625,2009-8-31,199,198,202,192,188000
8628,2009-8-31,868,861,882,854,1938000
8634,2009-8-31,4100,4180,4180,4000,100
8648,2009-8-31,1699,1699,1700,1621,50310
8657,2009-8-31,1910,2000,2120,1860,6140
8682,2009-8-31,1240,1240,1240,1240,500
8685,2009-8-31,4690,4180,4690,4180,252987
8686,2009-8-31,3760,3800,3840,3760,1450
8692,2009-8-31,528,514,529,514,79000
8697,2009-8-31,422000,424000,428000,417000,1171
8698,2009-8-31,40400,39700,40700,39150,9378
8699,2009-8-31,409,381,409,380,48800
8700,2009-8-31,60,60,62,59,54000
8702,2009-8-31,139,139,139,137,400
8703,2009-8-31,116900,116000,116900,114900,6372
8704,2009-8-31,7590,8070,8080,7550,354
8705,2009-8-31,194,197,198,194,2200
8706,2009-8-31,745,720,748,700,243200
8707,2009-8-31,859,847,875,841,36900
8708,2009-8-31,232,230,234,226,21900
8709,2009-8-31,32700,33300,33300,32200,54
8710,2009-8-31,502,477,502,462,2185350
8711,2009-8-31,525,520,528,508,24000
8725,2009-8-31,2675,2685,2745,2625,3136600
8728,2009-8-31,23400,23500,23700,23060,97
8729,2009-8-31,285900,283400,288000,279800,8134
8732,2009-8-31,50500,49750,50700,48850,4781
8734,2009-8-31,22540,23000,23400,22540,45
8737,2009-8-31,68,65,69,63,89000
8738,2009-8-31,520,521,523,517,21500
8739,2009-8-31,14550,14500,14550,13510,3524
8740,2009-8-31,180,180,183,180,900
8742,2009-8-31,336,335,341,332,6500
8744,2009-8-31,286,288,288,286,21600
8746,2009-8-31,291,290,291,282,2800
8747,2009-8-31,378,369,378,369,5000
8749,2009-8-31,293,293,294,291,21500
8754,2009-8-31,583,582,603,576,4973000
8755,2009-8-31,647,640,657,630,8260000
8759,2009-8-31,476,471,487,464,1147000
8761,2009-8-31,468,459,476,453,1578000
8763,2009-8-31,132,127,133,126,4038000
8766,2009-8-31,2790,2810,2850,2755,4701200
8767,2009-8-31,80400,77800,80400,77800,35
8769,2009-8-31,7200,6900,7330,6900,290
8771,2009-8-31,266000,268000,268000,264000,33
8772,2009-8-31,100000,100900,101700,99000,203
8783,2009-8-31,30000,29500,30000,29500,8
8787,2009-8-31,338,338,338,335,3500
8789,2009-8-31,3790,3900,3990,3760,2915
8793,2009-8-31,1449,1440,1472,1421,58100
8795,2009-8-31,2815,2795,2900,2765,2753250
8798,2009-8-31,59200,59900,60000,59000,85
8801,2009-8-31,1806,1753,1828,1737,10184000
8802,2009-8-31,1577,1533,1589,1514,14366000
8803,2009-8-31,326,335,337,322,1454000
8804,2009-8-31,554,553,565,536,14250000
8806,2009-8-31,845,842,870,835,151600
8809,2009-8-31,716,715,733,706,96400
8810,2009-8-31,1701,1760,1760,1701,6800
8815,2009-8-31,449,445,454,432,16117000
8818,2009-8-31,491,477,493,477,51200
8821,2009-8-31,5100,4870,5110,4860,1100
8830,2009-8-31,2030,1946,2040,1920,12352000
8833,2009-8-31,538,538,560,522,45300
8835,2009-8-31,83,84,86,82,559000
8836,2009-8-31,4,4,4,3,1107000
8838,2009-8-31,301,300,309,285,217000
8840,2009-8-31,246,246,256,230,52954000
8841,2009-8-31,452,434,462,426,580500
8842,2009-8-31,387,384,387,383,22000
8844,2009-8-31,79,93,122,69,49173000
8848,2009-8-31,854,851,868,837,1065300
8850,2009-8-31,350,350,355,334,23000
8851,2009-8-31,90,85,90,85,13000
8854,2009-8-31,200,194,208,192,15000
8860,2009-8-31,361,352,367,345,66100
8864,2009-8-31,549,543,555,536,90400
8866,2009-8-31,251,261,261,251,1200
8869,2009-8-31,666,680,681,660,74300
8870,2009-8-31,3990,4030,4050,3990,135030
8871,2009-8-31,2700,2770,2815,2700,393270
8872,2009-8-31,904,895,904,892,12100
8875,2009-8-31,830,843,851,799,421800
8876,2009-8-31,1180,1190,1195,1179,23500
8877,2009-8-31,1320,1290,1333,1267,84200
8879,2009-8-31,842,835,855,832,247300
8880,2009-8-31,1650,1589,1650,1581,143200
8881,2009-8-31,511,486,514,476,283000
8887,2009-8-31,85000,86800,87000,83600,168
8889,2009-8-31,4780,4720,5100,4450,25273
8890,2009-8-31,24690,25000,25800,24000,2705
8891,2009-8-31,120000,126500,126500,119900,68
8892,2009-8-31,6440,7440,7440,6050,37582
8893,2009-8-31,68,71,71,68,425300
8894,2009-8-31,90,89,91,86,168200
8895,2009-8-31,805,794,805,755,889800
8897,2009-8-31,353,342,354,320,1110700
8898,2009-8-31,290000,299000,299000,290000,5
8900,2009-8-31,400,427,435,381,468739
8903,2009-8-31,82000,83800,83800,82000,25
8904,2009-8-31,82000,80300,82000,78000,912
8905,2009-8-31,2270,2190,2290,2170,614700
8907,2009-8-31,9600,10950,12370,9100,94313
8908,2009-8-31,333,338,339,331,3600
8909,2009-8-31,13210,13400,13500,12900,52
8910,2009-8-31,2420,2445,2460,2365,9323
8912,2009-8-31,2420,2390,2560,2220,2647
8913,2009-8-31,1000,1229,1270,970,1272071
8914,2009-8-31,7330,7330,7460,6960,23921
8915,2009-8-31,62300,61300,62700,58500,1145
8917,2009-8-31,584,560,584,550,46300
8918,2009-8-31,95,89,95,88,398600
8919,2009-8-31,279,262,280,256,35200
8920,2009-8-31,603,610,610,603,800
8922,2009-8-31,14300,14000,14600,13890,1360
8923,2009-8-31,33500,35100,35600,32950,3031
8924,2009-8-31,79600,82200,84100,77500,13028
8925,2009-8-31,1297,1363,1363,1108,660407
8927,2009-8-31,164,176,196,159,659800
8928,2009-8-31,209,201,209,200,55000
8929,2009-8-31,34450,33600,34450,32000,323
8931,2009-8-31,304,315,315,304,22500
8933,2009-8-31,91500,90800,93100,90100,19115
8934,2009-8-31,26500,25970,26800,25350,982
8935,2009-8-31,350,350,354,341,12400
8938,2009-8-31,62500,60500,62500,57000,46
8939,2009-8-31,229,232,235,226,95600
8940,2009-8-31,88500,83600,88500,80100,317
8944,2009-8-31,29200,29100,29800,28900,566
8945,2009-8-31,72500,72500,73200,72100,11
8946,2009-8-31,17800,18100,18480,17000,160
8951,2009-8-31,824000,808000,824000,806000,3743
8952,2009-8-31,764000,753000,764000,751000,1934
8953,2009-8-31,495000,497000,502000,493000,2172
8954,2009-8-31,483000,485000,492000,478000,1158
8955,2009-8-31,221100,219200,223800,217200,1406
8956,2009-8-31,394000,398000,403000,391000,477
8957,2009-8-31,525000,526000,534000,518000,745
8958,2009-8-31,712000,699000,712000,693000,1592
8959,2009-8-31,630000,633000,646000,626000,2221
8960,2009-8-31,514000,520000,528000,510000,947
8961,2009-8-31,759000,749000,759000,746000,361
8962,2009-8-31,235100,235500,237900,231700,1435
8963,2009-8-31,111800,112100,113400,110100,277
8964,2009-8-31,658000,667000,669000,650000,1368
8966,2009-8-31,152000,153100,157000,152000,554
8967,2009-8-31,639000,642000,648000,635000,477
8968,2009-8-31,494000,497000,500000,487000,315
8969,2009-8-31,116600,112500,116600,111700,781
8970,2009-8-31,106900,105500,107100,103100,278
8972,2009-8-31,350000,344000,350000,340000,1143
8973,2009-8-31,248500,243800,249500,240000,1100
8974,2009-8-31,149900,149500,150000,146800,722
8975,2009-8-31,213300,213000,217000,208800,67
8976,2009-8-31,297000,294400,297900,292000,1049
8977,2009-8-31,441000,433000,441000,425000,294
8978,2009-8-31,371000,378000,380000,368000,459
8979,2009-8-31,102000,105000,105000,102000,318
8980,2009-8-31,91000,91600,94000,90700,204
8981,2009-8-31,141200,139000,141200,137000,1039
8982,2009-8-31,386000,402000,406000,385000,905
8983,2009-8-31,106100,104000,107200,101000,440
8984,2009-8-31,370000,387000,394000,364000,349
8985,2009-8-31,169800,170100,171000,166000,198
8986,2009-8-31,104900,104100,106000,103300,325
8987,2009-8-31,461000,456000,464000,454000,449
8992,2009-8-31,38650,39600,40500,38300,136
8995,2009-8-31,41250,40750,41500,40650,49
8996,2009-8-31,21690,20580,22000,20190,71
8997,2009-8-31,47300,46900,47300,46100,10
8998,2009-8-31,55000,54000,55000,51000,4
8999,2009-8-31,40100,39500,40500,38950,511
